038900012441
074299057854
078895127706
1220000061804
5011157888224
7501058649942
810206005064
8901042955995
8901042957517
9300619572464
9300633150082
9300633179212
9300633207274
9300633227296
9300633294809
9300633552879
9300633552886
9300633904227
9300644043625
9300657009885
9300657129163
9300657233358
9300657278823
9300657820305
9310082429974
9310140007717
9310140016566
9310155080019
9310155620505
9310182300210
9310560017556
9334279001675
9339687029174
9339687136858
9349571000059
9358155000101
9400097036585
9400097036646
9400547007653
9400547008599
9400547009114
9400547020232
9400553448914
9400556015458
9400556061240
9400566005005
9400566006828
9400574005134
9400574005974
9400593002527
9400597017077
9400597017916
9400597020459
9400597021043
9400597021050
9400597023085
9400597023443
9400597024051
9400597032162
9403108036048
9414742036295
9414742037971
9414962020418
9415022031047
9415087031037
9415317004138
9415767022317
9416107520043
9419740919656
9420039513295
