021200001833
029470000105
031146030996
031146150601
038900012441
038900014759
038900091934
041143025123
051131502185
051141373195
070177057404
070177078959
070177227913
070847813903
071106843396
074299057854
078895127706
089686140750
089686180367
089686180657
093856993640
1220000060203
1220000060234
1220000060814
1220000061200
1220000061804
1220000062009
189686114758
4014400912593
5000396054859
5011157888187
5011157888224
5011157996431
5011157996592
5029053003887
6415827056514
645175570103
645175570288
645175572640
711844110083
7501058649942
7622210571007
7622210571021
80042532
80042556
8005110080005
8005110170461
8005110550508
8005121218404
8076802085738
8076802085912
8076802085981
8076808060654
810206005064
818094004626
8410134603800
8722700238317
8850006490990
8850006491003
8850006491386
8850006491447
8850006492475
8850006494097
8850006535028
8850006934586
8886303210504
8886467103506
8888056251018
8888056252527
8901042955988
8901042955995
8901042957517
8901414000070
9002490243319
9300462118406
9300605112834
9300605112841
9300605120686
9300605120716
9300605121980
9300617074212
9300617074250
9300617074403
9300617074410
9300617074434
9300617300953
9300619501037
9300619513085
9300619571689
9300619572440
9300619572464
9300624005353
9300624011088
9300624013792
9300624013938
9300624015444
9300631016656
9300631325505
9300631325512
9300631448754
9300632012268
9300632016143
9300632026289
9300632076161
9300633005184
9300633034412
9300633073657
9300633119010
9300633150082
9300633151119
9300633179205
9300633179212
9300633203139
9300633207243
9300633207274
9300633207298
9300633216757
9300633216764
9300633218683
9300633226978
9300633227197
9300633227296
9300633227319
9300633292355
9300633292362
9300633292379
9300633292393
9300633294809
9300633308360
9300633320775
9300633340049
9300633341756
9300633350079
9300633363086
9300633369026
9300633372514
9300633384180
9300633391287
9300633421366
9300633422073
9300633454296
9300633476816
9300633476823
9300633503024
9300633552879
9300633552886
9300633552893
9300633552930
9300633557072
9300633561482
9300633595418
9300633615116
9300633615253
9300633615963
9300633626211
9300633630249
9300633630683
9300633630751
9300633643782
9300633696146
9300633709358
9300633719234
9300633743505
9300633768973
9300633775063
9300633783402
9300633900038
9300633901066
9300633903244
9300633903251
9300633903268
9300633903305
9300633904005
9300633904067
9300633904227
9300633904241
9300633904302
9300633906306
9300633910020
9300633922139
9300633929640
9300633930028
9300633945138
9300633946722
9300633947002
9300633948719
9300633948733
9300633948740
9300633948757
9300633951337
9300633951344
9300633951351
9300633952631
9300633952686
9300633987305
9300633988715
9300633989507
9300644043601
9300644043618
9300644043625
9300644123501
9300644123532
9300644123549
9300644126212
9300644143462
9300644700726
9300644703192
9300644706704
9300645111149
9300650452701
9300652803495
9300652809985
9300657009885
9300657129163
9300657232627
9300657233358
9300657270520
9300657278823
9300657278830
9300657820244
9300657820251
9300657820305
9300667004320
9300667004412
9300667022850
9300667025059
9300667029415
9300667029422
9300667035065
9300675024235
9300675035699
9300675036337
9300675037020
9300675049054
9300675070096
9300675071932
9300675080682
9300701601331
9300701880866
9300830023943
9300830057504
9300830057566
9300830057580
9310012038771
9310012060321
9310012060369
9310012060567
9310012060680
9310012061021
9310021039097
9310034002415
9310061120106
9310072000046
9310072000275
9310072000282
9310072001005
9310072001210
9310072001777
9310072002095
9310072010250
9310072012599
9310072013855
9310072025155
9310072026282
9310072026404
9310072028866
9310072028903
9310072029467
9310072031316
9310072032740
9310072032771
9310072033457
9310072033464
9310082158010
9310082429974
9310088001853
9310088002119
9310088002126
9310088002836
9310088002911
9310088002997
9310088013184
9310088015935
9310140001937
9310140002408
9310140007717
9310140016566
9310140283807
9310155000826
9310155002202
9310155005500
9310155005517
9310155005524
9310155006262
9310155008853
9310155080019
9310155100434
9310155202336
9310155203234
9310155414814
9310155510103
9310155610506
9310155620505
9310182300210
9310232100500
9310331475806
9310432001454
9310432160175
9310432400059
9310434005641
9310434005788
9310560010892
9310560017556
9310676411446
9310998000342
9310998101018
9312631000900
9312631117172
9312631142440
9312631151930
9312631168853
9318191902111
9322969000015
9322969000039
9325121000755
9333441005367
9333441005404
9334279001675
9339687011247
9339687011254
9339687011261
9339687029167
9339687029174
9339687088270
9339687106783
9339687136858
9339687136872
9339687160778
9339687168453
9339687206599
9342866000635
9342866000772
9342866000932
9342866000987
9342866001052
9342866001090
9342866001113
9344062058472
9349571000059
93539258
9358155000101
93718653
93718714
9400097034383
9400097034390
9400097035243
9400097036196
9400097036516
9400097036523
9400097036547
9400097036578
9400097036585
9400097036646
9400097037056
9400097040780
9400097040810
9400097041145
9400097042487
9400097042517
9400097042890
9400097042906
9400097043408
9400097043606
9400525200120
9400541044029
9400544002095
9400544002392
9400544002699
9400547001033
9400547001071
9400547001811
9400547002436
9400547002634
9400547002818
9400547003914
9400547003976
9400547004010
9400547004874
9400547007394
9400547007653
9400547008599
9400547009077
9400547009114
9400547009374
9400547009879
9400547010653
9400547010691
9400547010714
9400547012114
9400547015498
9400547017737
9400547019878
9400547019953
9400547020232
9400547020256
9400547021017
9400547021390
9400547024537
9400547025497
9400553003021
9400553003106
9400553006985
9400553008330
9400553009818
9400553010319
9400553013846
9400553015116
9400553433125
9400553436119
9400553436126
9400553436133
9400553436485
9400553438304
9400553438779
9400553447405
9400553448907
9400553448914
9400553453109
9400553455301
9400553455318
9400553455332
9400553456834
9400553460961
9400553460978
9400553745648
9400556005299
9400556005459
9400556007781
9400556007804
9400556007811
9400556007842
9400556015205
9400556015403
9400556015458
9400556016950
9400556061219
9400556061240
9400556072734
9400559003018
9400563448607
9400563448638
9400563448652
9400563448669
9400564009104
9400566004961
9400566004978
9400566004985
9400566004992
9400566005005
9400566005173
9400566006828
9400566007801
9400566007818
9400566007825
9400566008099
9400566008105
9400566008112
9400566008129
9400566009546
9400566009553
9400566009959
9400566009966
9400566009973
9400566009980
9400566009997
9400570014123
9400570020056
9400574004045
9400574004083
9400574005080
9400574005134
9400574005158
9400574005233
9400574005257
9400574005288
9400574005318
9400574005332
9400574005349
9400574005363
9400574005752
9400574005783
9400574005813
9400574005844
9400574005868
9400574005882
9400574005912
9400574005929
9400574005950
9400574005974
9400574006711
9400574006728
9400574008258
9400574009156
9400574009163
9400582000718
9400593002411
9400593002527
9400593002534
9400593002541
9400593002602
9400593002619
9400593003012
9400597009744
9400597012003
9400597016490
9400597016506
9400597016513
9400597016551
9400597016575
9400597017077
9400597017084
9400597017916
9400597018692
9400597018715
9400597018753
9400597018920
9400597020459
9400597021043
9400597021050
9400597021067
9400597021074
9400597021098
9400597021203
9400597021692
9400597021821
9400597021838
9400597021890
9400597021999
9400597022781
9400597022798
9400597023047
9400597023085
9400597023443
9400597024051
9400597027274
9400597027335
9400597027342
9400597032162
9400597032179
9400597032186
9400597032889
9400597033015
9400597036016
9403102000915
9403102000922
9403102000960
9403102001516
9403108036048
9403110048282
9403110062394
9403110062417
9403110062455
9403110062738
9403110062882
9403110063544
9403110063551
9403110064695
9403110065937
9403110065944
9414090282603
9414125000103
9414223006410
9414707093967
9414742022281
9414742022298
9414742022304
9414742027781
9414742036288
9414742036295
9414742037971
9414763003979
9414789301448
9414812295669
9414882456083
9414882456106
9414942801273
9414962020418
9414972100513
9414972100520
9414972100537
9414982020016
9414982020023
9414982020894
94150087
9415022025275
9415022030040
9415022030057
9415022030088
9415022030095
9415022030101
9415022030125
9415022030132
9415022030309
9415022030316
9415022030323
9415022030347
9415022030781
9415022030798
9415022031047
9415022031115
9415022031122
9415022031153
9415022031177
9415022032990
9415022033003
9415022033478
9415022033638
9415022033645
9415087031037
9415107013920
9415107036141
9415107056514
9415107107681
9415107116447
9415107217434
9415107225309
9415107404551
9415177420314
9415187009318
9415242013045
9415257080018
9415257080315
9415257080582
9415317003131
9415317004138
9415317031134
9415317061117
9415472131199
9415472141730
9415748005063
9415748005070
9415748005094
9415748011637
9415748021261
9415767015616
9415767016965
9415767019201
9415767022317
9415767022324
9415767022331
9415767624207
9415767677203
9415767801028
9415795110055
9415795110109
9415888650055
9415991233060
9416050524914
9416050536511
9416050536610
9416050541119
9416050541515
9416050546312
9416050588718
9416050588817
9416050589210
9416050589319
9416050591114
9416050901098
9416050901104
9416050901111
9416050901128
9416050901272
9416050901289
9416050902200
9416050902651
9416107513489
9416107519542
9416107520043
9416107520050
9416107520999
9416107521316
9416107522962
9416107523648
9417056003854
9417056003878
9417642994665
9417642994672
9417642994689
9417642994764
9417642994795
9417986936796
9417986939933
9417986941943
9417986946047
9418315127090
9418315127175
9418315127199
9418315127380
9419266000500
9419266000555
9419266000586
9419740918031
9419740918130
9419740918161
9419740918208
9419740918253
9419740918338
9419740918482
9419740918505
9419740918758
9419740918772
9419740918796
9419740919076
9419740919151
9419740919199
9419740919212
9419740919243
9419740919304
9419740919526
9419741001145
9419741003521
9419741003644
9419741003668
9419741003811
9419741003835
9420015011029
9420020300187
9420039512915
9420039513073
9420039513134
9420039513172
9420039513196
9420039513202
9420039513257
9420039513288
9420039513295
9420039547221
9421005450187
9421014900086
9421015796992
9421030811397
9421902090349
9421902213007
9421902213014
9421902263026
9421902728624
9421902964718
9421903652980
9421904160408
9421904160460
9421905557054
9421906005301
9556001170750
9556001170774
9556001171337
brown_bag
lemon
